year,state.code,state.name,gender.female.math,gender.female.verbal,female.total.score,gender.male.math,gender.male.verbal,male.total.score
2005,AL,Alabama,538,561,1099,582,574,1156
2005,AK,Alaska,505,521,1026,535,526,1061
2005,AZ,Arizona,513,522,1035,549,531,1080
2005,AR,Arkansas,536,558,1094,570,570,1140
2005,CA,California,504,499,1003,543,510,1053
2005,CO,Colorado,546,558,1104,577,561,1138
2005,CT,Connecticut,502,513,1015,534,520,1054
2005,DE,Delaware,486,498,984,521,508,1029
2005,DC,District Of Columbia,451,475,926,509,508,1017
2005,FL,Florida,484,496,980,516,502,1018
2005,GA,Georgia,482,493,975,514,501,1015
2005,HI,Hawaii,503,489,992,531,491,1022
2005,ID,Idaho,528,539,1067,557,548,1105
2005,IL,Illinois,586,590,1176,627,599,1226
2005,IN,Indiana,491,498,989,529,510,1039
2005,IA,Iowa,584,591,1175,632,602,1234
2005,KS,Kansas,568,583,1151,610,588,1198
2005,KY,Kentucky,539,555,1094,582,567,1149
2005,LA,Louisiana,544,557,1101,583,574,1157
2005,ME,Maine,487,504,991,527,515,1042
2005,MD,Maryland,500,508,1008,533,515,1048
2005,MA,Massachusetts,511,515,1026,545,525,1070
2005,MI,Michigan,559,563,1122,601,574,1175
2005,MN,Minnesota,578,588,1166,620,597,1217
2005,MS,Mississippi,534,555,1089,578,574,1152
2005,MO,Missouri,571,587,1158,604,589,1193
2005,MT,Montana,526,535,1061,557,546,1103
2005,NE,Nebraska,557,566,1123,605,583,1188
2005,NV,Nevada,496,505,1001,533,512,1045
2005,NH,New Hampshire,508,521,1029,545,531,1076
2005,NJ,New Jersey,502,499,1001,534,507,1041
2005,NM,New Mexico,526,550,1076,570,566,1136
2005,NY,New York,496,492,988,528,502,1030
2005,NC,North Carolina,498,497,995,527,503,1030
2005,ND,North Dakota,588,588,1176,624,592,1216
2005,OH,Ohio,525,534,1059,564,544,1108
2005,OK,Oklahoma,542,565,1107,587,576,1163
2005,OR,Oregon,512,523,1035,547,530,1077
2005,PA,Pennsylvania,487,496,983,522,506,1028
2005,PR,Puerto Rico,451,465,916,466,459,925
2005,RI,Rhode Island,490,498,988,523,509,1032
2005,SC,South Carolina,485,490,975,517,499,1016
2005,SD,South Dakota,573,584,1157,609,594,1203
2005,TN,Tennessee,544,567,1111,585,579,1164
2005,TX,Texas,488,489,977,519,498,1017
2005,UT,Utah,540,563,1103,576,570,1146
2005,VT,Vermont,502,518,1020,534,523,1057
2005,VI,Virgin Islands,395,417,812,424,433,857
2005,VA,Virginia,492,516,1008,533,532,1065
2005,WA,Washington,518,529,1047,552,535,1087
2005,WI,Wisconsin,585,589,1174,615,594,1209
2005,WY,Wyoming,530,542,1072,563,547,1110
2006,AL,Alabama,542,561,1103,583,571,1154
2006,AK,Alaska,501,514,1015,537,521,1058
2006,AZ,Arizona,512,520,1032,547,521,1068
2006,AR,Arkansas,550,571,1121,587,577,1164
2006,CA,California,500,497,997,541,505,1046
2006,CO,Colorado,549,557,1106,581,558,1139
2006,CT,Connecticut,501,512,1013,534,513,1047
2006,DE,Delaware,482,490,972,522,501,1023
2006,DC,District Of Columbia,449,475,924,498,500,998
2006,FL,Florida,482,495,977,515,497,1012
2006,GA,Georgia,481,492,973,514,497,1011
2006,HI,Hawaii,497,480,977,525,483,1008
2006,ID,Idaho,531,545,1076,560,540,1100
2006,IL,Illinois,590,589,1179,629,594,1223
2006,IN,Indiana,492,494,986,530,503,1033
2006,IA,Iowa,589,595,1184,639,611,1250
2006,KS,Kansas,573,583,1156,609,581,1190
2006,KY,Kentucky,544,561,1105,582,562,1144
2006,LA,Louisiana,552,562,1114,594,580,1174
2006,ME,Maine,484,499,983,522,504,1026
2006,MD,Maryland,493,502,995,527,505,1032
2006,MA,Massachusetts,508,510,1018,542,516,1058
2006,MI,Michigan,565,567,1132,604,571,1175
2006,MN,Minnesota,583,591,1174,620,591,1211
2006,MS,Mississippi,518,547,1065,572,570,1142
2006,MO,Missouri,574,587,1161,608,586,1194
2006,MT,Montana,532,539,1071,559,536,1095
2006,NE,Nebraska,565,574,1139,605,577,1182
2006,NV,Nevada,492,497,989,527,499,1026
2006,NH,New Hampshire,506,518,1024,543,523,1066
2006,NJ,New Jersey,500,494,994,531,499,1030
2006,NM,New Mexico,535,558,1093,564,555,1119
2006,NY,New York,495,491,986,527,496,1023
2006,NC,North Carolina,500,494,994,529,497,1026
2006,ND,North Dakota,602,602,1204,632,619,1251
2006,OH,Ohio,526,532,1058,564,538,1102
2006,OK,Oklahoma,556,575,1131,593,578,1171
2006,OR,Oregon,512,521,1033,549,526,1075
2006,PA,Pennsylvania,483,491,974,518,496,1014
2006,PR,Puerto Rico,443,465,908,458,452,910
2006,RI,Rhode Island,486,493,979,520,499,1019
2006,SC,South Carolina,485,486,971,515,489,1004
2006,SD,South Dakota,585,591,1176,626,590,1216
2006,TN,Tennessee,551,571,1122,587,577,1164
2006,TX,Texas,492,489,981,522,493,1015
2006,UT,Utah,538,557,1095,576,564,1140
2006,VT,Vermont,503,512,1015,536,515,1051
2006,VI,Virgin Islands,392,423,815,416,424,840
2006,VA,Virginia,492,516,1008,533,524,1057
2006,WA,Washington,515,526,1041,553,529,1082
2006,WI,Wisconsin,581,587,1168,620,588,1208
2006,WY,Wyoming,546,551,1097,565,546,1111
2007,AL,Alabama,538,556,1094,579,571,1150
2007,AK,Alaska,501,516,1017,539,524,1063
2007,AZ,Arizona,510,517,1027,545,522,1067
2007,AR,Arkansas,549,571,1120,589,587,1176
2007,CA,California,499,496,995,537,503,1040
2007,CO,Colorado,549,561,1110,584,561,1145
2007,CT,Connecticut,497,509,1006,529,512,1041
2007,DE,Delaware,480,494,974,516,501,1017
2007,DC,District Of Columbia,437,465,902,494,497,991
2007,FL,Florida,482,496,978,514,498,1012
2007,GA,Georgia,481,493,974,512,496,1008
2007,HI,Hawaii,496,485,981,521,483,1004
2007,ID,Idaho,524,540,1064,558,541,1099
2007,IL,Illinois,593,592,1185,631,597,1228
2007,IN,Indiana,491,493,984,528,502,1030
2007,IA,Iowa,593,607,1200,636,610,1246
2007,KS,Kansas,611,584,1195,572,582,1154
2007,KY,Kentucky,547,566,1113,586,568,1154
2007,LA,Louisiana,551,567,1118,586,573,1159
2007,ME,Maine,457,474,931,475,461,936
2007,MD,Maryland,488,498,986,522,503,1025
2007,MA,Massachusetts,506,511,1017,541,516,1057
2007,MI,Michigan,562,565,1127,601,571,1172
2007,MN,Minnesota,587,596,1183,623,596,1219
2007,MS,Mississippi,532,565,1097,574,573,1147
2007,MO,Missouri,578,595,1173,611,594,1205
2007,MT,Montana,527,538,1065,564,540,1104
2007,NE,Nebraska,568,576,1144,606,582,1188
2007,NV,Nevada,490,499,989,526,502,1028
2007,NH,New Hampshire,505,520,1025,540,521,1061
2007,NJ,New Jersey,495,494,989,527,498,1025
2007,NM,New Mexico,528,553,1081,568,559,1127
2007,NY,New York,490,490,980,523,494,1017
2007,NC,North Carolina,496,494,990,526,497,1023
2007,ND,North Dakota,576,583,1159,618,587,1205
2007,OH,Ohio,525,533,1058,563,539,1102
2007,OK,Oklahoma,546,577,1123,596,578,1174
2007,OR,Oregon,510,520,1030,546,525,1071
2007,PA,Pennsylvania,483,491,974,518,496,1014
2007,PR,Puerto Rico,442,474,916,455,457,912
2007,RI,Rhode Island,483,494,977,516,500,1016
2007,SC,South Carolina,483,487,970,514,490,1004
2007,SD,South Dakota,584,580,1164,625,600,1225
2007,TN,Tennessee,551,571,1122,589,576,1165
2007,TX,Texas,493,490,983,523,494,1017
2007,UT,Utah,536,559,1095,579,557,1136
2007,VT,Vermont,503,516,1019,536,517,1053
2007,VI,Virgin Islands,385,423,808,425,433,858
2007,VA,Virginia,497,511,1008,529,512,1041
2007,WA,Washington,515,525,1040,549,527,1076
2007,WV,West Virginia,487,510,997,532,523,1055
2007,WI,Wisconsin,582,589,1171,616,585,1201
2007,WY,Wyoming,557,564,1121,586,565,1151
2008,AL,Alabama,539,558,1097,580,573,1153
2008,AK,Alaska,505,521,1026,537,519,1056
2008,AZ,Arizona,506,515,1021,541,517,1058
2008,AR,Arkansas,548,569,1117,592,582,1174
2008,CA,California,497,496,993,537,503,1040
2008,CO,Colorado,555,563,1118,589,565,1154
2008,CT,Connecticut,497,507,1004,531,512,1043
2008,DE,Delaware,480,495,975,519,504,1023
2008,DC,District Of Columbia,435,459,894,479,482,961
2008,FL,Florida,482,495,977,516,498,1014
2008,GA,Georgia,479,490,969,510,493,1003
2008,HI,Hawaii,492,483,975,515,480,995
2008,ID,Idaho,525,537,1062,557,543,1100
2008,IL,Illinois,584,580,1164,622,587,1209
2008,IN,Indiana,491,492,983,528,501,1029
2008,IA,Iowa,593,601,1194,635,605,1240
2008,KS,Kansas,573,579,1152,608,581,1189
2008,KY,Kentucky,552,566,1118,588,571,1159
2008,LA,Louisiana,546,559,1105,588,576,1164
2008,ME,Maine,462,476,938,474,464,938
2008,MD,Maryland,487,497,984,521,501,1022
2008,MA,Massachusetts,508,510,1018,544,517,1061
2008,MI,Michigan,579,578,1157,620,584,1204
2008,MN,Minnesota,591,593,1184,629,599,1228
2008,MS,Mississippi,535,568,1103,583,581,1164
2008,MO,Missouri,580,594,1174,615,593,1208
2008,MT,Montana,533,538,1071,566,545,1111
2008,NE,Nebraska,570,581,1151,604,580,1184
2008,NV,Nevada,489,497,986,526,499,1025
2008,NH,New Hampshire,507,520,1027,540,523,1063
2008,NJ,New Jersey,498,493,991,530,498,1028
2008,NM,New Mexico,532,555,1087,569,560,1129
2008,NY,New York,490,486,976,521,491,1012
2008,NC,North Carolina,498,494,992,527,498,1025
2008,ND,North Dakota,582,584,1166,625,603,1228
2008,OH,Ohio,526,530,1056,564,538,1102
2008,OK,Oklahoma,552,569,1121,595,576,1171
2008,OR,Oregon,509,520,1029,548,525,1073
2008,PA,Pennsylvania,485,492,977,520,497,1017
2008,PR,Puerto Rico,452,467,919,463,452,915
2008,RI,Rhode Island,481,490,971,518,502,1020
2008,SC,South Carolina,483,485,968,515,492,1007
2008,SD,South Dakota,571,584,1155,619,607,1226
2008,TN,Tennessee,552,567,1119,589,575,1164
2008,TX,Texas,491,487,978,521,490,1011
2008,UT,Utah,537,561,1098,577,562,1139
2008,VT,Vermont,505,518,1023,543,521,1064
2008,VI,Virgin Islands,379,416,795,400,412,812
2008,VA,Virginia,498,511,1009,529,512,1041
2008,WA,Washington,517,524,1041,552,528,1080
2008,WV,West Virginia,485,509,994,522,516,1038
2008,WI,Wisconsin,588,585,1173,623,589,1212
2008,WY,Wyoming,544,560,1104,603,564,1167
2009,AL,Alabama,534,553,1087,575,563,1138
2009,AK,Alaska,534,553,1087,575,563,1138
2009,AZ,Arizona,505,515,1020,541,518,1059
2009,AR,Arkansas,553,569,1122,593,576,1169
2009,CA,California,495,496,991,536,505,1041
2009,CO,Colorado,558,566,1124,594,570,1164
2009,CT,Connecticut,498,508,1006,530,511,1041
2009,DE,Delaware,480,491,971,518,500,1018
2009,DC,District Of Columbia,431,458,889,474,475,949
2009,FL,Florida,482,495,977,516,499,1015
2009,GA,Georgia,476,488,964,509,493,1002
2009,HI,Hawaii,488,479,967,518,478,996
2009,ID,Idaho,525,539,1064,558,543,1101
2009,IL,Illinois,584,583,1167,627,593,1220
2009,IN,Indiana,489,490,979,528,502,1030
2009,IA,Iowa,600,611,1211,632,608,1240
2009,KS,Kansas,572,581,1153,608,581,1189
2009,KY,Kentucky,555,571,1126,594,575,1169
2009,LA,Louisiana,537,551,1088,582,576,1158
2009,ME,Maine,459,474,933,475,462,937
2009,MD,Maryland,487,498,985,520,501,1021
2009,MA,Massachusetts,510,511,1021,543,517,1060
2009,MI,Michigan,583,581,1164,625,587,1212
2009,MN,Minnesota,592,596,1188,628,594,1222
2009,MS,Mississippi,529,555,1084,583,580,1163
2009,MO,Missouri,582,594,1176,618,595,1213
2009,MT,Montana,525,538,1063,563,544,1107
2009,NE,Nebraska,572,581,1153,622,594,1216
2009,NV,Nevada,490,501,991,522,500,1022
2009,NH,New Hampshire,505,520,1025,543,525,1068
2009,NJ,New Jersey,497,493,990,531,499,1030
2009,NM,New Mexico,526,549,1075,570,558,1128
2009,NY,New York,487,483,970,519,488,1007
2009,NC,North Carolina,498,493,991,528,498,1026
2009,ND,North Dakota,574,591,1165,614,589,1203
2009,OH,Ohio,527,533,1060,567,543,1110
2009,OK,Oklahoma,547,570,1117,597,582,1179
2009,OR,Oregon,508,520,1028,546,525,1071
2009,PA,Pennsylvania,485,489,974,521,497,1018
2009,RI,Rhode Island,480,494,974,516,502,1018
2009,SC,South Carolina,482,483,965,512,489,1001
2009,SD,South Dakota,580,588,1168,623,591,1214
2009,TN,Tennessee,545,566,1111,588,578,1166
2009,TX,Texas,492,483,975,522,488,1010
2009,UT,Utah,539,559,1098,577,559,1136
2009,VT,Vermont,504,517,1021,535,519,1054
2009,VA,Virginia,496,509,1005,529,514,1043
2009,WA,Washington,515,522,1037,550,527,1077
2009,WV,West Virginia,486,509,995,521,513,1034
2009,WI,Wisconsin,589,591,1180,629,598,1227
2009,WY,Wyoming,542,559,1101,606,577,1183
2010,AL,Alabama,528,549,1077,578,567,1145
2010,AK,Alaska,501,518,1019,533,519,1052
2010,AZ,Arizona,508,516,1024,546,522,1068
2010,AR,Arkansas,547,563,1110,590,569,1159
2010,CA,California,497,496,993,539,507,1046
2010,CO,Colorado,554,566,1120,594,570,1164
2010,CT,Connecticut,497,507,1004,531,512,1043
2010,DE,Delaware,479,490,969,515,498,1013
2010,DC,District Of Columbia,435,459,894,479,482,961
2010,FL,Florida,483,495,978,516,497,1013
2010,GA,Georgia,475,486,961,508,492,1000
2010,HI,Hawaii,493,482,975,518,484,1002
2010,ID,Idaho,523,542,1065,561,545,1106
2010,IL,Illinois,582,581,1163,620,589,1209
2010,IN,Indiana,523,542,1065,561,545,1106
2010,IA,Iowa,592,599,1191,637,607,1244
2010,KS,Kansas,583,590,1173,607,589,1196
2010,KY,Kentucky,556,572,1128,595,578,1173
2010,LA,Louisiana,531,549,1080,575,564,1139
2010,ME,Maine,461,476,937,473,461,934
2010,MD,Maryland,489,499,988,525,503,1028
2010,MA,Massachusetts,510,509,1019,545,516,1061
2010,MI,Michigan,588,584,1172,624,587,1211
2010,MN,Minnesota,588,593,1181,629,596,1225
2010,MS,Mississippi,533,566,1099,567,566,1133
2010,MO,Missouri,588,584,1172,624,587,1211
2010,MT,Montana,588,593,1181,629,596,1225
2010,NE,Nebraska,569,576,1145,621,595,1216
2010,NV,Nevada,483,493,976,523,500,1023
2010,NH,New Hampshire,508,517,1025,542,524,1066
2010,NJ,New Jersey,498,493,991,532,498,1030
2010,NM,New Mexico,533,553,1086,567,552,1119
2010,NY,New York,485,482,967,516,487,1003
2010,NC,North Carolina,499,496,995,526,498,1024
2010,ND,North Dakota,578,587,1165,616,572,1188
2010,OH,Ohio,529,535,1064,569,543,1112
2010,OK,Oklahoma,545,565,1110,594,574,1168
2010,OR,Oregon,506,519,1025,547,527,1074
2010,PA,Pennsylvania,485,490,975,519,494,1013
2010,RI,Rhode Island,479,491,970,514,498,1012
2010,SC,South Carolina,482,483,965,511,487,998
2010,SD,South Dakota,575,578,1153,632,607,1239
2010,TN,Tennessee,552,574,1126,592,577,1169
2010,TX,Texas,491,481,972,522,488,1010
2010,UT,Utah,546,570,1116,573,565,1138
2010,VT,Vermont,504,516,1020,541,522,1063
2010,VA,Virginia,496,510,1006,531,514,1045
2010,WA,Washington,515,522,1037,551,527,1078
2010,WV,West Virginia,489,511,1000,530,521,1051
2010,WI,Wisconsin,587,596,1183,623,593,1216
2010,WY,Wyoming,555,569,1124,583,571,1154
2011,AL,Alabama,522,540,1062,564,553,1117
2011,AK,Alaska,495,511,1006,530,519,1049
2011,AZ,Arizona,506,513,1019,544,521,1065
2011,AR,Arkansas,552,561,1113,592,575,1167
2011,CA,California,498,494,992,536,505,1041
2011,CO,Colorado,558,570,1128,592,569,1161
2011,CT,Connecticut,499,507,1006,528,511,1039
2011,DE,Delaware,475,484,959,508,494,1002
2011,DC,District Of Columbia,436,457,893,481,483,964
2011,FL,Florida,476,487,963,505,488,993
2011,GA,Georgia,474,484,958,502,488,990
2011,HI,Hawaii,487,476,963,516,482,998
2011,ID,Idaho,522,540,1062,557,544,1101
2011,IL,Illinois,600,595,1195,635,603,1238
2011,IN,Indiana,485,489,974,519,497,1016
2011,IA,Iowa,586,591,1177,627,602,1229
2011,KS,Kansas,576,579,1155,608,581,1189
2011,KY,Kentucky,551,571,1122,594,581,1175
2011,LA,Louisiana,529,546,1075,577,567,1144
2011,ME,Maine,462,474,936,476,465,941
2011,MD,Maryland,487,497,984,518,502,1020
2011,MA,Massachusetts,512,509,1021,544,518,1062
2011,MI,Michigan,587,580,1167,624,586,1210
2011,MN,Minnesota,588,588,1176,630,598,1228
2011,MS,Mississippi,515,550,1065,577,583,1160
2011,MO,Missouri,575,589,1164,611,595,1206
2011,MT,Montana,525,539,1064,550,539,1089
2011,NE,Nebraska,570,585,1155,614,584,1198
2011,NV,Nevada,481,492,973,515,496,1011
2011,NH,New Hampshire,508,520,1028,543,525,1068
2011,NJ,New Jersey,502,492,994,531,499,1030
2011,NM,New Mexico,525,545,1070,560,551,1111
2011,NY,New York,486,482,968,514,488,1002
2011,NC,North Carolina,496,491,987,523,497,1020
2011,ND,North Dakota,584,578,1162,640,594,1234
2011,OH,Ohio,528,535,1063,564,544,1108
2011,OK,Oklahoma,545,565,1110,588,578,1166
2011,OR,Oregon,506,518,1024,541,523,1064
2011,PA,Pennsylvania,486,490,976,517,497,1014
2011,PR,Puerto Rico,445,464,909,460,447,907
2011,RI,Rhode Island,478,491,969,512,500,1012
2011,SC,South Carolina,477,479,956,505,485,990
2011,SD,South Dakota,560,565,1125,623,603,1226
2011,TN,Tennessee,550,573,1123,587,577,1164
2011,TX,Texas,489,476,965,516,482,998
2011,UT,Utah,541,564,1105,578,563,1141
2011,VT,Vermont,503,513,1016,536,518,1054
2011,VI,Virgin Islands,368,407,775,398,411,809
2011,VA,Virginia,494,509,1003,525,514,1039
2011,WA,Washington,513,521,1034,547,525,1072
2011,WV,West Virginia,481,509,990,525,520,1045
2011,WI,Wisconsin,586,587,1173,622,594,1216
2011,WY,Wyoming,557,574,1131,584,569,1153
2012,AL,Alabama,508,528,1036,561,550,1111
2012,AK,Alaska,493,509,1002,527,516,1043
2012,AZ,Arizona,508,514,1022,545,520,1065
2012,AR,Arkansas,548,560,1108,589,571,1160
2012,CA,California,493,490,983,535,502,1037
2012,CO,Colorado,564,572,1136,601,578,1179
2012,CT,Connecticut,497,504,1001,527,507,1034
2012,DE,Delaware,452,458,910,473,453,926
2012,DC,District Of Columbia,433,449,882,491,485,976
2012,FL,Florida,478,490,968,510,494,1004
2012,GA,Georgia,475,485,960,506,491,997
2012,HI,Hawaii,487,474,961,517,482,999
2012,ID,Idaho,522,543,1065,562,550,1112
2012,IL,Illinois,595,594,1189,636,598,1234
2012,IN,Indiana,483,488,971,522,500,1022
2012,IA,Iowa,585,595,1180,631,611,1242
2012,KS,Kansas,575,585,1160,615,583,1198
2012,KY,Kentucky,557,576,1133,597,582,1179
2012,LA,Louisiana,516,534,1050,561,552,1113
2012,ME,Maine,465,478,943,478,462,940
2012,MD,Maryland,488,495,983,519,498,1017
2012,MA,Massachusetts,514,509,1023,547,517,1064
2012,MI,Michigan,585,586,1171,622,585,1207
2012,MN,Minnesota,586,588,1174,630,596,1226
2012,MS,Mississippi,525,547,1072,568,578,1146
2012,MO,Missouri,574,587,1161,611,590,1201
2012,MT,Montana,520,534,1054,557,539,1096
2012,NE,Nebraska,560,571,1131,612,581,1193
2012,NV,Nevada,477,489,966,512,492,1004
2012,NH,New Hampshire,507,518,1025,546,525,1071
2012,NJ,New Jersey,501,491,992,534,498,1032
2012,NM,New Mexico,530,551,1081,562,549,1111
2012,NY,New York,486,481,967,516,486,1002
2012,NC,North Carolina,493,489,982,522,494,1016
2012,ND,North Dakota,590,574,1164,633,604,1237
2012,OH,Ohio,534,540,1074,572,547,1119
2012,OK,Oklahoma,546,562,1108,589,574,1163
2012,OR,Oregon,505,517,1022,544,525,1069
2012,PA,Pennsylvania,485,488,973,519,495,1014
2012,PR,Puerto Rico,443,459,902,459,450,909
2012,RI,Rhode Island,476,487,963,510,494,1004
2012,SC,South Carolina,475,478,953,504,484,988
2012,SD,South Dakota,583,580,1163,637,598,1235
2012,TN,Tennessee,553,573,1126,589,579,1168
2012,TX,Texas,485,472,957,514,477,991
2012,UT,Utah,547,563,1110,588,572,1160
2012,VT,Vermont,506,517,1023,543,522,1065
2012,VI,Virgin Islands,372,399,771,400,403,803
2012,VA,Virginia,496,508,1004,529,513,1042
2012,WA,Washington,513,516,1029,550,523,1073
2012,WV,West Virginia,484,514,998,525,519,1044
2012,WI,Wisconsin,586,592,1178,627,596,1223
2012,WY,Wyoming,570,570,1140,590,564,1154
2013,AL,Alabama,515,535,1050,559,555,1114
2013,AK,Alaska,489,504,993,526,513,1039
2013,AZ,Arizona,511,518,1029,548,526,1074
2013,AR,Arkansas,550,569,1119,592,575,1167
2013,CA,California,494,492,986,534,504,1038
2013,CO,Colorado,564,575,1139,601,580,1181
2013,CT,Connecticut,498,505,1003,527,510,1037
2013,DE,Delaware,446,451,897,468,450,918
2013,DC,District Of Columbia,446,462,908,487,485,972
2013,FL,Florida,476,491,967,506,494,1000
2013,GA,Georgia,473,486,959,504,494,998
2013,HI,Hawaii,490,478,968,523,485,1008
2013,ID,Idaho,446,457,903,471,450,921
2013,IL,Illinois,600,598,1198,635,603,1238
2013,IN,Indiana,484,489,973,519,499,1018
2013,IA,Iowa,581,583,1164,621,602,1223
2013,KS,Kansas,576,588,1164,615,590,1205
2013,KY,Kentucky,560,576,1136,608,593,1201
2013,LA,Louisiana,533,548,1081,578,565,1143
2013,ME,Maine,460,469,929,473,455,928
2013,MD,Maryland,487,495,982,514,498,1012
2013,MA,Massachusetts,514,511,1025,546,518,1064
2013,MI,Michigan,592,588,1180,631,592,1223
2013,MN,Minnesota,592,594,1186,626,596,1222
2013,MS,Mississippi,535,562,1097,564,576,1140
2013,MO,Missouri,577,592,1169,615,599,1214
2013,MT,Montana,521,534,1055,563,546,1109
2013,NE,Nebraska,566,581,1147,604,588,1192
2013,NV,Nevada,479,489,968,514,496,1010
2013,NH,New Hampshire,514,523,1037,545,526,1071
2013,NJ,New Jersey,508,496,1004,537,502,1039
2013,NM,New Mexico,530,549,1079,562,552,1114
2013,NY,New York,489,483,972,516,488,1004
2013,NC,North Carolina,493,493,986,521,499,1020
2013,ND,North Dakota,591,595,1186,635,629,1264
2013,OH,Ohio,538,544,1082,575,554,1129
2013,OK,Oklahoma,554,569,1123,585,574,1159
2013,OR,Oregon,503,517,1020,542,524,1066
2013,PA,Pennsylvania,489,491,980,520,497,1017
2013,PR,Puerto Rico,437,458,895,455,446,901
2013,RI,Rhode Island,477,489,966,506,493,999
2013,SC,South Carolina,474,481,955,502,487,989
2013,SD,South Dakota,567,573,1140,639,612,1251
2013,TN,Tennessee,550,570,1120,590,579,1169
2013,TX,Texas,487,474,961,512,479,991
2013,UT,Utah,549,573,1122,585,566,1151
2013,VT,Vermont,506,516,1022,533,516,1049
2013,VI,Virgin Islands,377,412,789,394,411,805
2013,VA,Virginia,500,514,1014,530,518,1048
2013,WA,Washington,508,512,1020,542,519,1061
2013,WV,West Virginia,488,513,1001,517,514,1031
2013,WI,Wisconsin,589,588,1177,622,594,1216
2013,WY,Wyoming,565,583,1148,613,579,1192
2014,AL,Alabama,516,537,1053,566,559,1125
2014,AK,Alaska,490,505,995,519,510,1029
2014,AZ,Arizona,509,518,1027,545,527,1072
2014,AR,Arkansas,549,562,1111,599,586,1185
2014,CA,California,492,492,984,532,505,1037
2014,CO,Colorado,568,579,1147,608,585,1193
2014,CT,Connecticut,496,506,1002,525,509,1034
2014,DE,Delaware,451,459,910,469,452,921
2014,DC,District Of Columbia,422,433,855,455,448,903
2014,FL,Florida,471,490,961,500,493,993
2014,GA,Georgia,472,486,958,499,490,989
2014,HI,Hawaii,492,481,973,520,487,1007
2014,ID,Idaho,447,463,910,466,454,920
2014,IL,Illinois,597,596,1193,636,603,1239
2014,IN,Indiana,484,492,976,520,503,1023
2014,IA,Iowa,590,600,1190,635,612,1247
2014,KS,Kansas,582,590,1172,612,592,1204
2014,KY,Kentucky,566,586,1152,606,592,1198
2014,LA,Louisiana,537,552,1089,581,572,1153
2014,ME,Maine,465,475,940,477,460,937
2014,MD,Maryland,482,493,975,508,492,1000
2014,MA,Massachusetts,516,512,1028,547,521,1068
2014,MI,Michigan,590,587,1177,632,600,1232
2014,MN,Minnesota,589,596,1185,635,600,1235
2014,MS,Mississippi,546,574,1120,590,595,1185
2014,MO,Missouri,578,597,1175,615,593,1208
2014,MT,Montana,537,555,1092,570,555,1125
2014,NE,Nebraska,564,584,1148,620,596,1216
2014,NV,Nevada,479,492,971,513,498,1011
2014,NH,New Hampshire,513,520,1033,549,528,1077
2014,NJ,New Jersey,509,497,1006,538,504,1042
2014,NM,New Mexico,528,547,1075,560,550,1110
2014,NY,New York,489,485,974,516,491,1007
2014,NC,North Carolina,494,496,990,523,502,1025
2014,ND,North Dakota,605,588,1193,634,635,1269
2014,OH,Ohio,545,551,1096,582,560,1142
2014,OK,Oklahoma,549,569,1118,595,583,1178
2014,OR,Oregon,505,519,1024,543,529,1072
2014,PA,Pennsylvania,489,493,982,521,501,1022
2014,PR,Puerto Rico,444,474,918,457,456,913
2014,RI,Rhode Island,481,493,974,514,503,1017
2014,SC,South Carolina,477,485,962,506,491,997
2014,SD,South Dakota,590,595,1185,629,613,1242
2014,TN,Tennessee,552,573,1125,589,583,1172
2014,TX,Texas,483,473,956,509,479,988
2014,UT,Utah,550,569,1119,587,573,1160
2014,VT,Vermont,510,519,1029,543,526,1069
2014,VI,Virgin Islands,373,408,781,396,412,808
2014,VA,Virginia,502,516,1018,531,520,1051
2014,WA,Washington,504,508,1012,535,512,1047
2014,WV,West Virginia,486,512,998,530,522,1052
2014,WI,Wisconsin,588,591,1179,632,602,1234
2014,WY,Wyoming,576,586,1162,622,595,1217
2015,AL,Alabama,514,535,1049,569,559,1128
2015,AK,Alaska,490,507,997,521,512,1033
2015,AZ,Arizona,510,518,1028,548,529,1077
2015,AR,Arkansas,551,562,1113,593,576,1169
2015,CA,California,488,490,978,527,502,1029
2015,CO,Colorado,570,580,1150,607,585,1192
2015,CT,Connecticut,492,503,995,520,505,1025
2015,DE,Delaware,453,465,918,471,460,931
2015,DC,District Of Columbia,427,440,867,453,443,896
2015,FL,Florida,468,486,954,494,486,980
2015,GA,Georgia,472,486,958,501,494,995
2015,HI,Hawaii,495,483,978,523,491,1014
2015,ID,Idaho,454,472,926,472,463,935
2015,IL,Illinois,598,595,1193,635,603,1238
2015,IN,Indiana,483,490,973,519,503,1022
2015,IA,Iowa,582,586,1168,622,594,1216
2015,KS,Kansas,571,581,1152,618,596,1214
2015,KY,Kentucky,565,583,1148,612,593,1205
2015,LA,Louisiana,537,551,1088,586,578,1164
2015,ME,Maine,465,476,941,479,461,940
2015,MD,Maryland,480,490,970,507,491,998
2015,MA,Massachusetts,514,512,1026,547,521,1068
2015,MI,Michigan,585,584,1169,636,604,1240
2015,MN,Minnesota,590,593,1183,627,597,1224
2015,MS,Mississippi,539,566,1105,596,599,1195
2015,MO,Missouri,585,597,1182,613,595,1208
2015,MT,Montana,542,558,1100,575,565,1140
2015,NE,Nebraska,575,586,1161,609,593,1202
2015,NV,Nevada,479,490,969,513,499,1012
2015,NH,New Hampshire,514,522,1036,548,528,1076
2015,NJ,New Jersey,507,497,1004,536,504,1040
2015,NM,New Mexico,526,546,1072,565,557,1122
2015,NY,New York,488,486,974,517,492,1009
2015,NC,North Carolina,491,494,985,520,502,1022
2015,ND,North Dakota,589,590,1179,630,606,1236
2015,OH,Ohio,545,550,1095,583,564,1147
2015,OK,Oklahoma,551,569,1120,589,583,1172
2015,OR,Oregon,503,518,1021,543,531,1074
2015,PA,Pennsylvania,489,494,983,521,504,1025
2015,PR,Puerto Rico,443,468,911,457,457,914
2015,RI,Rhode Island,481,491,972,509,497,1006
2015,SC,South Carolina,473,485,958,503,492,995
2015,SD,South Dakota,575,584,1159,623,602,1225
2015,TN,Tennessee,556,576,1132,592,586,1178
2015,TX,Texas,474,468,942,500,472,972
2015,UT,Utah,550,568,1118,601,590,1191
2015,VT,Vermont,510,521,1031,539,524,1063
2015,VI,Virgin Islands,379,408,787,401,422,823
2015,VA,Virginia,502,516,1018,532,521,1053
2015,WA,Washington,498,502,1000,525,503,1028
2015,WV,West Virginia,487,506,993,513,512,1025
2015,WI,Wisconsin,585,586,1171,627,597,1224
2015,WY,Wyoming,571,595,1166,604,582,1186
